Linux 6.18.33.2-microsoft-standard-WSL2 (cloud-badger) 	09/28/26 	_x86_64_	(24 CPU)

20:28:37     CPU    %usr   %nice    %sys %iowait    %irq   %soft  %steal  %guest  %gnice   %idle
20:28:38     all    0.08    0.00    0.25    0.00    0.00    0.08    0.00    0.00    0.00   99.58
20:28:38       0    0.00    0.00    0.97    0.00    0.00    1.94    0.00    0.00    0.00   97.09
20:28:38       1    0.00    0.00    0.00    0.00    0.00    0.00    0.00    0.00    0.00  100.00
20:28:38       2    0.00    0.00    0.00    0.00    0.00    0.00    0.00    0.00    0.00  100.00
20:28:38       3    0.00    0.00    0.00    0.00    0.00    0.00    0.00    0.00    0.00  100.00
20:28:38       4    0.00    0.00    0.99    0.00    0.00    0.00    0.00    0.00    0.00   99.01
20:28:38       5    0.00    0.00    0.00    0.00    0.00    0.00    0.00    0.00    0.00  100.00
20:28:38       6    0.00    0.00    0.99    0.00    0.00    0.00    0.00    0.00    0.00   99.01
20:28:38       7    1.00    0.00    0.00    0.00    0.00    0.00    0.00    0.00    0.00   99.00
20:28:38       8    0.00    0.00    0.00    0.00    0.00    0.00    0.00    0.00    0.00  100.00
20:28:38       9    0.00    0.00    0.00    0.00    0.00    0.00    0.00    0.00    0.00  100.00
20:28:38      10    0.00    0.00    0.00    0.00    0.00    0.00    0.00    0.00    0.00  100.00
20:28:38      11    0.00    0.00    0.00    0.00    0.00    0.00    0.00    0.00    0.00  100.00
20:28:38      12    0.00    0.00    0.00    0.00    0.00    0.00    0.00    0.00    0.00  100.00
20:28:38      13    0.00    0.00    0.00    0.00    0.00    0.00    0.00    0.00    0.00  100.00
20:28:38      14    0.00    0.00    0.00    0.00    0.00    0.00    0.00    0.00    0.00  100.00
20:28:38      15    0.00    0.00    0.99    0.00    0.00    0.00    0.00    0.00    0.00   99.01
20:28:38      16    0.00    0.00    0.00    0.00    0.00    0.00    0.00    0.00    0.00  100.00
20:28:38      17    0.00    0.00    0.99    0.00    0.00    0.00    0.00    0.00    0.00   99.01
20:28:38      18    0.00    0.00    0.00    0.00    0.00    0.00    0.00    0.00    0.00  100.00
20:28:38      19    0.00    0.00    0.00    0.00    0.00    0.00    0.00    0.00    0.00  100.00
20:28:38      20    1.00    0.00    1.00    0.00    0.00    0.00    0.00    0.00    0.00   98.00
20:28:38      21    0.00    0.00    0.00    0.00    0.00    0.00    0.00    0.00    0.00  100.00
20:28:38      22    0.00    0.00    0.00    0.00    0.00    0.00    0.00    0.00    0.00  100.00
20:28:38      23    0.00    0.00    0.00    0.00    0.00    0.00    0.00    0.00    0.00  100.00

20:28:38     CPU    %usr   %nice    %sys %iowait    %irq   %soft  %steal  %guest  %gnice   %idle
20:28:39     all    0.08    0.00    0.04    0.00    0.00    0.00    0.00    0.00    0.00   99.87
20:28:39       0    0.00    0.00    0.00    0.00    0.00    0.00    0.00    0.00    0.00  100.00
20:28:39       1    0.00    0.00    0.00    0.00    0.00    0.00    0.00    0.00    0.00  100.00
20:28:39       2    0.00    0.00    0.00    0.00    0.00    0.00    0.00    0.00    0.00  100.00
20:28:39       3    0.00    0.00    0.00    0.00    0.00    0.00    0.00    0.00    0.00  100.00
20:28:39       4    0.00    0.00    0.00    0.00    0.00    0.00    0.00    0.00    0.00  100.00
20:28:39       5    0.00    0.00    0.00    0.00    0.00    0.00    0.00    0.00    0.00  100.00
20:28:39       6    0.00    0.00    0.00    0.00    0.00    0.00    0.00    0.00    0.00  100.00
20:28:39       7    1.98    0.00    0.00    0.00    0.00    0.00    0.00    0.00    0.00   98.02
20:28:39       8    0.00    0.00    0.00    0.00    0.00    0.00    0.00    0.00    0.00  100.00
20:28:39       9    0.00    0.00    0.00    0.00    0.00    0.00    0.00    0.00    0.00  100.00
20:28:39      10    0.00    0.00    0.00    0.00    0.00    0.00    0.00    0.00    0.00  100.00
20:28:39      11    0.00    0.00    0.00    0.00    0.00    0.00    0.00    0.00    0.00  100.00
20:28:39      12    0.00    0.00    0.00    0.00    0.00    0.00    0.00    0.00    0.00  100.00
20:28:39      13    0.00    0.00    0.00    0.00    0.00    0.00    0.00    0.00    0.00  100.00
20:28:39      14    0.00    0.00    0.00    0.00    0.00    0.00    0.00    0.00    0.00  100.00
20:28:39      15    0.00    0.00    0.00    0.00    0.00    0.00    0.00    0.00    0.00  100.00
20:28:39      16    0.00    0.00    0.00    0.00    0.00    0.00    0.00    0.00    0.00  100.00
20:28:39      17    0.00    0.00    0.00    0.00    0.00    0.00    0.00    0.00    0.00  100.00
20:28:39      18    0.00    0.00    0.00    0.00    0.00    0.00    0.00    0.00    0.00  100.00
20:28:39      19    0.00    0.00    0.00    0.00    0.00    0.00    0.00    0.00    0.00  100.00
20:28:39      20    0.00    0.00    1.01    0.00    0.00    0.00    0.00    0.00    0.00   98.99
20:28:39      21    0.00    0.00    0.00    0.00    0.00    0.00    0.00    0.00    0.00  100.00
20:28:39      22    0.00    0.00    0.00    0.00    0.00    0.00    0.00    0.00    0.00  100.00
20:28:39      23    0.00    0.00    0.00    0.00    0.00    0.00    0.00    0.00    0.00  100.00

20:28:39     CPU    %usr   %nice    %sys %iowait    %irq   %soft  %steal  %guest  %gnice   %idle
20:28:40     all    0.13    0.00    0.04    0.00    0.00    0.00    0.00    0.00    0.00   99.83
20:28:40       0    1.00    0.00    0.00    0.00    0.00    0.00    0.00    0.00    0.00   99.00
20:28:40       1    0.00    0.00    0.00    0.00    0.00    0.00    0.00    0.00    0.00  100.00
20:28:40       2    0.00    0.00    0.00    0.00    0.00    0.00    0.00    0.00    0.00  100.00
20:28:40       3    0.00    0.00    0.00    0.00    0.00    0.00    0.00    0.00    0.00  100.00
20:28:40       4    0.00    0.00    0.00    0.00    0.00    0.00    0.00    0.00    0.00  100.00
20:28:40       5    0.00    0.00    0.00    0.00    0.00    0.00    0.00    0.00    0.00  100.00
20:28:40       6    0.00    0.00    0.00    0.00    0.00    0.00    0.00    0.00    0.00  100.00
20:28:40       7    1.01    0.00    0.00    0.00    0.00    0.00    0.00    0.00    0.00   98.99
20:28:40       8    0.00    0.00    0.00    0.00    0.00    0.00    0.00    0.00    0.00  100.00
20:28:40       9    0.00    0.00    0.00    0.00    0.00    0.00    0.00    0.00    0.00  100.00
20:28:40      10    0.00    0.00    0.00    0.00    0.00    0.00    0.00    0.00    0.00  100.00
20:28:40      11    0.00    0.00    0.00    0.00    0.00    0.00    0.00    0.00    0.00  100.00
20:28:40      12    0.00    0.00    0.00    0.00    0.00    0.00    0.00    0.00    0.00  100.00
20:28:40      13    0.99    0.00    0.00    0.00    0.00    0.00    0.00    0.00    0.00   99.01
20:28:40      14    0.00    0.00    0.00    0.00    0.00    0.00    0.00    0.00    0.00  100.00
20:28:40      15    0.00    0.00    0.00    0.00    0.00    0.00    0.00    0.00    0.00  100.00
20:28:40      16    0.00    0.00    0.00    0.00    0.00    0.00    0.00    0.00    0.00  100.00
20:28:40      17    0.00    0.00    0.00    0.00    0.00    0.00    0.00    0.00    0.00  100.00
20:28:40      18    0.00    0.00    0.00    0.00    0.00    0.00    0.00    0.00    0.00  100.00
20:28:40      19    0.00    0.00    0.00    0.00    0.00    0.00    0.00    0.00    0.00  100.00
20:28:40      20    0.00    0.00    1.01    0.00    0.00    0.00    0.00    0.00    0.00   98.99
20:28:40      21    0.00    0.00    0.00    0.00    0.00    0.00    0.00    0.00    0.00  100.00
20:28:40      22    0.00    0.00    0.00    0.00    0.00    0.00    0.00    0.00    0.00  100.00
20:28:40      23    0.00    0.00    0.00    0.00    0.00    0.00    0.00    0.00    0.00  100.00

20:28:40     CPU    %usr   %nice    %sys %iowait    %irq   %soft  %steal  %guest  %gnice   %idle
20:28:41     all    0.04    0.00    0.12    0.12    0.00    0.00    0.00    0.00    0.00   99.71
20:28:41       0    0.00    0.00    0.00    0.00    0.00    0.00    0.00    0.00    0.00  100.00
20:28:41       1    0.00    0.00    1.98    0.00    0.00    0.00    0.00    0.00    0.00   98.02
20:28:41       2    0.00    0.00    0.00    0.00    0.00    0.00    0.00    0.00    0.00  100.00
20:28:41       3    0.00    0.00    0.00    0.00    0.00    0.00    0.00    0.00    0.00  100.00
20:28:41       4    0.00    0.00    0.00    0.00    0.00    0.00    0.00    0.00    0.00  100.00
20:28:41       5    0.00    0.00    0.00    0.00    0.00    0.00    0.00    0.00    0.00  100.00
20:28:41       6    0.00    0.00    0.00    0.00    0.00    0.00    0.00    0.00    0.00  100.00
20:28:41       7    0.99    0.00    0.99    0.99    0.00    0.00    0.00    0.00    0.00   97.03
20:28:41       8    0.00    0.00    0.00    0.00    0.00    0.00    0.00    0.00    0.00  100.00
20:28:41       9    0.00    0.00    0.00    0.00    0.00    0.00    0.00    0.00    0.00  100.00
20:28:41      10    0.00    0.00    0.00    0.00    0.00    0.00    0.00    0.00    0.00  100.00
20:28:41      11    0.00    0.00    0.00    0.00    0.00    0.00    0.00    0.00    0.00  100.00
20:28:41      12    0.00    0.00    0.00    0.00    0.00    0.00    0.00    0.00    0.00  100.00
20:28:41      13    0.00    0.00    0.00    1.01    0.00    0.00    0.00    0.00    0.00   98.99
20:28:41      14    0.00    0.00    0.00    0.00    0.00    0.00    0.00    0.00    0.00  100.00
20:28:41      15    0.00    0.00    0.00    0.00    0.00    0.00    0.00    0.00    0.00  100.00
20:28:41      16    0.00    0.00    0.00    0.00    0.00    0.00    0.00    0.00    0.00  100.00
20:28:41      17    0.00    0.00    0.00    0.00    0.00    0.00    0.00    0.00    0.00  100.00
20:28:41      18    0.00    0.00    0.00    1.01    0.00    0.00    0.00    0.00    0.00   98.99
20:28:41      19    0.00    0.00    0.00    0.00    0.00    0.00    0.00    0.00    0.00  100.00
20:28:41      20    0.00    0.00    0.00    0.00    0.00    0.00    0.00    0.00    0.00  100.00
20:28:41      21    0.00    0.00    0.00    0.00    0.00    0.00    0.00    0.00    0.00  100.00
20:28:41      22    0.00    0.00    0.00    0.00    0.00    0.00    0.00    0.00    0.00  100.00
20:28:41      23    0.00    0.00    0.00    0.00    0.00    0.00    0.00    0.00    0.00  100.00

20:28:41     CPU    %usr   %nice    %sys %iowait    %irq   %soft  %steal  %guest  %gnice   %idle
20:28:42     all    0.04    0.00    0.17    0.00    0.00    0.00    0.00    0.00    0.00   99.79
20:28:42       0    0.00    0.00    0.00    0.00    0.00    0.00    0.00    0.00    0.00  100.00
20:28:42       1    0.00    0.00    0.00    0.00    0.00    0.00    0.00    0.00    0.00  100.00
20:28:42       2    0.00    0.00    0.00    0.00    0.00    0.00    0.00    0.00    0.00  100.00
20:28:42       3    0.00    0.00    0.00    0.00    0.00    0.00    0.00    0.00    0.00  100.00
20:28:42       4    0.00    0.00    0.00    0.00    0.00    0.00    0.00    0.00    0.00  100.00
20:28:42       5    0.00    0.00    0.00    0.00    0.00    0.00    0.00    0.00    0.00  100.00
20:28:42       6    0.00    0.00    0.00    0.00    0.00    0.00    0.00    0.00    0.00  100.00
20:28:42       7    0.00    0.00    0.00    0.00    0.00    0.00    0.00    0.00    0.00  100.00
20:28:42       8    0.00    0.00    0.00    0.00    0.00    0.00    0.00    0.00    0.00  100.00
20:28:42       9    0.00    0.00    0.00    0.00    0.00    0.00    0.00    0.00    0.00  100.00
20:28:42      10    0.00    0.00    0.00    0.00    0.00    0.00    0.00    0.00    0.00  100.00
20:28:42      11    0.00    0.00    0.00    0.00    0.00    0.00    0.00    0.00    0.00  100.00
20:28:42      12    0.00    0.00    0.00    0.00    0.00    0.00    0.00    0.00    0.00  100.00
20:28:42      13    0.00    0.00    0.99    0.00    0.00    0.00    0.00    0.00    0.00   99.01
20:28:42      14    0.00    0.00    0.00    0.00    0.00    0.00    0.00    0.00    0.00  100.00
20:28:42      15    0.00    0.00    0.00    0.00    0.00    0.00    0.00    0.00    0.00  100.00
20:28:42      16    0.00    0.00    0.00    0.00    0.00    0.00    0.00    0.00    0.00  100.00
20:28:42      17    0.00    0.00    0.00    0.00    0.00    0.00    0.00    0.00    0.00  100.00
20:28:42      18    0.99    0.00    0.99    0.00    0.00    0.00    0.00    0.00    0.00   98.02
20:28:42      19    0.00    0.00    0.00    0.00    0.00    0.00    0.00    0.00    0.00  100.00
20:28:42      20    0.00    0.00    2.00    0.00    0.00    0.00    0.00    0.00    0.00   98.00
20:28:42      21    0.00    0.00    0.00    0.00    0.00    0.00    0.00    0.00    0.00  100.00
20:28:42      22    0.00    0.00    0.00    0.00    0.00    0.00    0.00    0.00    0.00  100.00
20:28:42      23    0.00    0.00    0.00    0.00    0.00    0.00    0.00    0.00    0.00  100.00

Average:     CPU    %usr   %nice    %sys %iowait    %irq   %soft  %steal  %guest  %gnice   %idle
Average:     all    0.08    0.00    0.13    0.03    0.00    0.02    0.00    0.00    0.00   99.76
Average:       0    0.20    0.00    0.20    0.00    0.00    0.40    0.00    0.00    0.00   99.20
Average:       1    0.00    0.00    0.40    0.00    0.00    0.00    0.00    0.00    0.00   99.60
Average:       2    0.00    0.00    0.00    0.00    0.00    0.00    0.00    0.00    0.00  100.00
Average:       3    0.00    0.00    0.00    0.00    0.00    0.00    0.00    0.00    0.00  100.00
Average:       4    0.00    0.00    0.20    0.00    0.00    0.00    0.00    0.00    0.00   99.80
Average:       5    0.00    0.00    0.00    0.00    0.00    0.00    0.00    0.00    0.00  100.00
Average:       6    0.00    0.00    0.20    0.00    0.00    0.00    0.00    0.00    0.00   99.80
Average:       7    1.00    0.00    0.20    0.20    0.00    0.00    0.00    0.00    0.00   98.60
Average:       8    0.00    0.00    0.00    0.00    0.00    0.00    0.00    0.00    0.00  100.00
Average:       9    0.00    0.00    0.00    0.00    0.00    0.00    0.00    0.00    0.00  100.00
Average:      10    0.00    0.00    0.00    0.00    0.00    0.00    0.00    0.00    0.00  100.00
Average:      11    0.00    0.00    0.00    0.00    0.00    0.00    0.00    0.00    0.00  100.00
Average:      12    0.00    0.00    0.00    0.00    0.00    0.00    0.00    0.00    0.00  100.00
Average:      13    0.20    0.00    0.20    0.20    0.00    0.00    0.00    0.00    0.00   99.40
Average:      14    0.00    0.00    0.00    0.00    0.00    0.00    0.00    0.00    0.00  100.00
Average:      15    0.00    0.00    0.20    0.00    0.00    0.00    0.00    0.00    0.00   99.80
Average:      16    0.00    0.00    0.00    0.00    0.00    0.00    0.00    0.00    0.00  100.00
Average:      17    0.00    0.00    0.20    0.00    0.00    0.00    0.00    0.00    0.00   99.80
Average:      18    0.20    0.00    0.20    0.20    0.00    0.00    0.00    0.00    0.00   99.40
Average:      19    0.00    0.00    0.00    0.00    0.00    0.00    0.00    0.00    0.00  100.00
Average:      20    0.20    0.00    1.00    0.00    0.00    0.00    0.00    0.00    0.00   98.80
Average:      21    0.00    0.00    0.00    0.00    0.00    0.00    0.00    0.00    0.00  100.00
Average:      22    0.00    0.00    0.00    0.00    0.00    0.00    0.00    0.00    0.00  100.00
Average:      23    0.00    0.00    0.00    0.00    0.00    0.00    0.00    0.00    0.00  100.00
