                    CPU0       CPU1       CPU2       CPU3       CPU4       CPU5       CPU6       CPU7       CPU8       CPU9       CPU10      CPU11      CPU12      CPU13      CPU14      CPU15      CPU16      CPU17      CPU18      CPU19      CPU20      CPU21      CPU22      CPU23      
          HI:          0          0          0          0          0          0          0          0          0          0          0          0          0          0          0          0          0          0          0          0          0          0          0          0
       TIMER:       4734       2024       3071       2485       2554       1105       4030       3422       2919       1482       1918       1063       3152      11593       3355       5168       2143       1226       7396        470       3912       2045       3384       1294
      NET_TX:          0          0          0          0          0          0          0          0          0          0          1          0          0          0          0          0          0          0          0          0          0          0          0          0
      NET_RX:          0          0          2          0          2          0         42         62         33         19         28         20         20          2         17          9          0          2         67          2         22         33          0          0
       BLOCK:          0          0          0          0          0          0          0          0          0          0          0          0          0          0          0          0          0          0          0          0          0          0          0          0
    IRQ_POLL:          0          0          0          0          0          0          0          0          0          0          0          0          0          0          0          0          0          0          0          0          0          0          0          0
     TASKLET:      34499        726       1317       1068       1877       2678          0          0          2          0          0          0          0          0          1          0          0          0          1          0          0          0          0          0
       SCHED:      21363       6380      13138       7510      10854       5176      21666      10431       8998       3720       6135       2425       8382      31108      15442      15243      17677       7154      44406        924      26079       6961      18450       4004
     HRTIMER:          0          0          0          0          0          0          0          0          0          0          0          0          0          0          0          0          0          0          0          0          0          0          0          0
         RCU:       7514       3051       8934       5199      10537       3963      13872       5265       6345       3118       4312       1883       4336      13016      12707       7486      12163       5183      29808        683      16282       4603      12636       2578
