                    CPU0       CPU1       CPU2       CPU3       CPU4       CPU5       CPU6       CPU7       CPU8       CPU9       CPU10      CPU11      CPU12      CPU13      CPU14      CPU15      CPU16      CPU17      CPU18      CPU19      CPU20      CPU21      CPU22      CPU23      
          HI:          0          0          0          0          0          0          0          0          0          0          0          0          0          0          0          0          0          0          0          0          0          0          0          0
       TIMER:       8356       4219       8253       6864       6764       3649       7506       4379       8340       2500       5877       2441       6586      13906       8017       7907       4021       1762      12210        863       8010       2977       6140       2733
      NET_TX:          0          0          0          0          0          0          0          0          0          0          1          0          0          0          0          0          0          0          0          0          0          0          0          0
      NET_RX:          0          0          2          0          2          0         42         62         33         19         29         20         20          2         17          9          0          2         67          2         22         33          0          0
       BLOCK:          0          0          0          0          0          0          0          0          0          0          0          0          0          0          0          0          0          0          0          0          0          0          0          0
    IRQ_POLL:          0          0          0          0          0          0          0          0          0          0          0          0          0          0          0          0          0          0          0          0          0          0          0          0
     TASKLET:      41565       1484       1340       1491       1900       2909          0          0          2          0          0          0          0          0          1          0          0          0          1          0          0          0          0          0
       SCHED:      36915      11558      32102      20867      31775      18723      35226      19323      29315       9671      20371       5923      19740      38102      29952      25277      39458       9390      64975       1444      44554      10536      25702      12661
     HRTIMER:          0          0          0          0          0          0          0          0          0          0          0          0          0          0          0          0          0          0          0          0          0          0          0          0
         RCU:      11129       5942      20142      12213      24849      12516      23080      11569      17729       6912      12176       4373      10631      17241      20630      13118      27388       6634      42999       1104      29299       7068      16852       9328
