                    CPU0       CPU1       CPU2       CPU3       CPU4       CPU5       CPU6       CPU7       CPU8       CPU9       CPU10      CPU11      CPU12      CPU13      CPU14      CPU15      CPU16      CPU17      CPU18      CPU19      CPU20      CPU21      CPU22      CPU23      
          HI:          0          0          0          0          0          0          0          0          0          0          0          0          0          0          0          0          0          0          0          0          0          0          0          0
       TIMER:       4371       1780       2885       1955       2315        976       3779       3358       2696       1425       1768        892       3086      11180       2074       4292       1971       1122       7226        413       3751       1865       3139       1253
      NET_TX:          0          0          0          0          0          0          0          0          0          0          1          0          0          0          0          0          0          0          0          0          0          0          0          0
      NET_RX:          0          0          2          0          2          0         42         62         33         19         28         20         20          2         17          9          0          2         67          2         22         33          0          0
       BLOCK:          0          0          0          0          0          0          0          0          0          0          0          0          0          0          0          0          0          0          0          0          0          0          0          0
    IRQ_POLL:          0          0          0          0          0          0          0          0          0          0          0          0          0          0          0          0          0          0          0          0          0          0          0          0
     TASKLET:      34440        701       1149       1033       1828       2669          0          0          2          0          0          0          0          0          1          0          0          0          1          0          0          0          0          0
       SCHED:      19800       5864      12327       3953       9679       3925      20363       9780       7510       3608       5641       1944       8236      30143      11536      12890      16271       6837      43774        845      25388       6425      17406       3955
     HRTIMER:          0          0          0          0          0          0          0          0          0          0          0          0          0          0          0          0          0          0          0          0          0          0          0          0
         RCU:       7134       2801       8286       2765       9787       3162      12980       4800       5321       3030       4002       1397       4240      12434      10954       6548      11196       4980      29279        628      15613       4245      11909       2536
