                    CPU0       CPU1       CPU2       CPU3       CPU4       CPU5       CPU6       CPU7       CPU8       CPU9       CPU10      CPU11      CPU12      CPU13      CPU14      CPU15      CPU16      CPU17      CPU18      CPU19      CPU20      CPU21      CPU22      CPU23      
          HI:          0          0          0          0          0          0          0          0          0          0          0          0          0          0          0          0          0          0          0          0          0          0          0          0
       TIMER:       4171       1661       2791       1891       2229        915       3707       3345       2616       1386       1678        856       3073      10918       1705       3658       1893        985       7142        400       3640       1798       2975       1236
      NET_TX:          0          0          0          0          0          0          0          0          0          0          1          0          0          0          0          0          0          0          0          0          0          0          0          0
      NET_RX:          0          0          2          0          2          0         42         62         33         19         28         20         20          2         17          9          0          2         67          2         22         33          0          0
       BLOCK:          0          0          0          0          0          0          0          0          0          0          0          0          0          0          0          0          0          0          0          0          0          0          0          0
    IRQ_POLL:          0          0          0          0          0          0          0          0          0          0          0          0          0          0          0          0          0          0          0          0          0          0          0          0
     TASKLET:      34211        655       1132       1018       1805       2665          0          0          2          0          0          0          0          0          1          0          0          0          1          0          0          0          0          0
       SCHED:      19060       5613      11772       3809       9347       3718      19391       9742       7291       3537       5346       1861       8219      29418       9144      11197      15681       5997      43320        829      24745       6298      16990       3934
     HRTIMER:          0          0          0          0          0          0          0          0          0          0          0          0          0          0          0          0          0          0          0          0          0          0          0          0
         RCU:       6915       2684       7893       2656       9580       3021      12292       4778       5176       2983       3819       1321       4225      12082       9337       5911      10817       4445      28842        614      15255       4151      11645       2516
